"Ref No","Date","Payer","Payer AccNo.","Payee","Payee AccNo.","Amount"
